s/t
2/2   | 2   |
3/2   | 2 .1|
4/2   | 2 2 |
5/2   | 2 2 .1| 3 2 | 2 3 |
6/2   | 3 3 |
7/2   | 3 3 .1| 4 3 |
8/2   | 4 4 |
9/2   | 4 4 .1| 4 5 | 5 4 |
10/2  | 5 5 |
11/2  | 5 5 .1| 6 5 | 5 6 |

4/3   | 3 1 | 2 1 1 |
5/3   | 3 2 | 2 2 1 |
6/3   | 2 2 2 |
7/3   | 2 2 2 1 | 3 2 2 |
8/3   | 3 3 2 |
9/3   | 3 3 3 |
10/3  | 3 3 3 1 | 4 3 3 |
11/3  | 3 3 3 2 | 4 4 3 |
12/3  | 4 4 4 |
13/3  | 4 4 4 1 | 5 4 4 |
14/3  | 4 4 4 2 | 5 5 4 |
15/ 3 | 5 5 5 |
16/ 3 | 5 5 5 1 | 6 5 5 |

16/6  | 2 2 2 2 2 2 4| 3 3 3 3 2 2 | 

